M.I; Tads     = Tdes = Tamb, 150, 250 ºC
     NO2      = 50 PPB
     tADS     = 20 mins
     tDes     = 20 mins
     NºCycles = 9
     M	      = 150 s/V
     Cmax     = 1190 ppb
     HR (%)   = 50 %



-------------------------------------------------------------------
| 	                       Medida		          	  |
-------------------------------------------------------------------
|      t(min)   NO2(ppm) CO(ppm) T1(ºC)	T2(ºC)	T3(ºC)	T4(ºC)    |
-------------------------------------------------------------------	
|	20	0.0	0.0	   25	  25	  25	  25	  |
|	20	0.05	0.0	   25	  25	  25	  25	  |
|	20	0.0	0.0	   25	  25	  25	  25	  |
|	20	0.05	0.0	   25	  25	  25	  25	  |
|	20	0.0	0.0	   25	  25	  25	  25	  |
|	20	0.0	0.0	   150	  150	  150	  150	  |
|	20	0.05	0.0	   150	  150	  150	  150	  |
|	20	0.0	0.0	   150	  150	  150	  150	  |
|	20	0.05	0.0	   150	  150	  150	  150	  |
|	20	0.0	0.0	   150	  150	  150	  150	  |
|	20	0.0	0.0	   250	  250	  250	  250	  |
|	20	0.05	0.0	   250	  250	  250	  250	  |
|	20	0.0	0.0	   250	  250	  250	  250	  |
|	20	0.05	0.0	   250	  250	  250	  250	  |
|	20	0.0	0.0	   250	  250	  250	  250	  |
-------------------------------------------------------------------