M.M; Tads     = 100 ºC 
     Tdes     = 200 ºC 
     NO2      = 100 PPB
     tADS     = 15 mins
     tDes     = 20 mins (10MINS(DESORCIÓN) + 10MINS(CAMBIO A TEMPERATURA DE ADSORCIÓN))
     NºCycles = 18
     M	      = 25 s/V
     Cmax     = 1190 ppb
     HR (%)   = 100 %



-------------------------------------------------------------------
| 	                       Medida		          	  |
-------------------------------------------------------------------
|      t(min)   NO2(ppm) CO(ppm) T1(ºC)	T2(ºC)	T3(ºC)	T4(ºC)    |
-------------------------------------------------------------------
|	20	0.0	0.0	   450	  450	  450	  450     |	
|	20	0.0	0.0	   100	  100	  100	  100	  |
|	15	0.05	0.0	   100	  100	  100	  100	  |
|	10	0.0	0.0	   200	  200	  200	  200	  |
|	10	0.0	0.0	   100	  100	  100	  100	  |
|	15	0.05	0.0	   100	  100	  100	  100	  |
|	10	0.0	0.0	   200	  200	  200	  200	  |
|	10	0.0	0.0	   100	  100	  100	  100	  |
|	15	0.05	0.0	   100	  100	  100	  100	  |
|	10	0.0	0.0	   200	  200	  200	  200	  |
|	10	0.0	0.0	   100	  100	  100	  100	  |
|	15	0.05	0.0	   100	  100	  100	  100	  |
|	10	0.0	0.0	   200	  200	  200	  200	  |
|	10	0.0	0.0	   100	  100	  100	  100	  |
|	15	0.05	0.0	   100	  100	  100	  100	  |
|	10	0.0	0.0	   200	  200	  200	  200	  |
|	10	0.0	0.0	   100	  100	  100	  100	  |
|	15	0.05	0.0	   100	  100	  100	  100	  |
|	10	0.0	0.0	   200	  200	  200	  200	  |
|	10	0.0	0.0	   100	  100	  100	  100	  |
|	15	0.05	0.0	   100	  100	  100	  100	  |
|	10	0.0	0.0	   200	  200	  200	  200	  |
|	10	0.0	0.0	   100	  100	  100	  100	  |
|	15	0.05	0.0	   100	  100	  100	  100	  |
|	10	0.0	0.0	   200	  200	  200	  200	  |
|	10	0.0	0.0	   100	  100	  100	  100	  |
|	15	0.05	0.0	   100	  100	  100	  100	  |
|	10	0.0	0.0	   200	  200	  200	  200	  |
|	10	0.0	0.0	   100	  100	  100	  100	  |
|	15	0.05	0.0	   100	  100	  100	  100	  |
|	10	0.0	0.0	   200	  200	  200	  200	  |
|	10	0.0	0.0	   100	  100	  100	  100	  |
|	15	0.05	0.0	   100	  100	  100	  100	  |
|	10	0.0	0.0	   200	  200	  200	  200	  |
|	10	0.0	0.0	   100	  100	  100	  100	  |
|	15	0.05	0.0	   100	  100	  100	  100	  |
|	10	0.0	0.0	   200	  200	  200	  200	  |
|	10	0.0	0.0	   100	  100	  100	  100	  |
|	15	0.05	0.0	   100	  100	  100	  100	  |
|	10	0.0	0.0	   200	  200	  200	  200	  |
|	10	0.0	0.0	   100	  100	  100	  100	  |
|	15	0.05	0.0	   100	  100	  100	  100	  |
|	10	0.0	0.0	   200	  200	  200	  200	  |
|	10	0.0	0.0	   100	  100	  100	  100	  |
|	15	0.05	0.0	   100	  100	  100	  100	  |
|	10	0.0	0.0	   200	  200	  200	  200	  |
|	10	0.0	0.0	   100	  100	  100	  100	  |
|	15	0.05	0.0	   100	  100	  100	  100	  |
|	10	0.0	0.0	   200	  200	  200	  200	  |
|	10	0.0	0.0	   100	  100	  100	  100	  |
|	15	0.05	0.0	   100	  100	  100	  100	  |
|	10	0.0	0.0	   200	  200	  200	  200	  |
|	10	0.0	0.0	   100	  100	  100	  100	  |
|	15	0.05	0.0	   100	  100	  100	  100	  |
|	10	0.0	0.0	   200	  200	  200	  200	  |
|	10	0.0	0.0	   100	  100	  100	  100	  |
|	10	0.0	0.0	   25	  25	  25	  25	  |
-------------------------------------------------------------------