M.M; Tads     = 150 ºC (2.9 V)
     Tdes     = 250 ºC (4.3 V)
     NO2      = 50 PPB
     tADS     = 15 mins
     tDes     = 20 mins (10MINS(DESORCIÓN) + 10MINS(CAMBIO A TEMPERATURA DE ADSORCIÓN))
     NºCycles = 18
     M	      = 25 s/V
     Cmax     = 1190 ppb
     HR (%)   = 50 %



-------------------------------------------------------------------
| 	                       Medida		          	  |
-------------------------------------------------------------------
|      t(min)   NO2(ppm) CO(ppm) T1(ºC)	T2(ºC)	T3(ºC)	T4(ºC)    |
-------------------------------------------------------------------	
|	20	0.0	0.0	   150	  150	  150	  150	  |
|	15	0.05	0.0	   150	  150	  150	  150	  |
|	10	0.0	0.0	   250	  250	  250	  250	  |
|	10	0.0	0.0	   150	  150	  150	  150	  |
|	15	0.05	0.0	   150	  150	  150	  150	  |
|	10	0.0	0.0	   250	  250	  250	  250	  |
|	10	0.0	0.0	   150	  150	  150	  150	  |
|	15	0.05	0.0	   150	  150	  150	  150	  |
|	10	0.0	0.0	   250	  250	  250	  250	  |
|	10	0.0	0.0	   150	  150	  150	  150	  |
|	15	0.05	0.0	   150	  150	  150	  150	  |
|	10	0.0	0.0	   250	  250	  250	  250	  |
|	10	0.0	0.0	   150	  150	  150	  150	  |
|	15	0.05	0.0	   150	  150	  150	  150	  |
|	10	0.0	0.0	   250	  250	  250	  250	  |
|	10	0.0	0.0	   150	  150	  150	  150	  |
|	15	0.05	0.0	   150	  150	  150	  150	  |
|	10	0.0	0.0	   250	  250	  250	  250	  |
|	10	0.0	0.0	   150	  150	  150	  150	  |
|	15	0.05	0.0	   150	  150	  150	  150	  |
|	10	0.0	0.0	   250	  250	  250	  250	  |
|	10	0.0	0.0	   150	  150	  150	  150	  |
|	15	0.05	0.0	   150	  150	  150	  150	  |
|	10	0.0	0.0	   250	  250	  250	  250	  |
|	10	0.0	0.0	   150	  150	  150	  150	  |
|	15	0.05	0.0	   150	  150	  150	  150	  |
|	10	0.0	0.0	   250	  250	  250	  250	  |
|	10	0.0	0.0	   150	  150	  150	  150	  |
|	15	0.05	0.0	   150	  150	  150	  150	  |
|	10	0.0	0.0	   250	  250	  250	  250	  |
|	10	0.0	0.0	   150	  150	  150	  150	  |
|	15	0.05	0.0	   150	  150	  150	  150	  |
|	10	0.0	0.0	   250	  250	  250	  250	  |
|	10	0.0	0.0	   150	  150	  150	  150	  |
|	15	0.05	0.0	   150	  150	  150	  150	  |
|	10	0.0	0.0	   250	  250	  250	  250	  |
|	10	0.0	0.0	   150	  150	  150	  150	  |
|	15	0.05	0.0	   150	  150	  150	  150	  |
|	10	0.0	0.0	   250	  250	  250	  250	  |
|	10	0.0	0.0	   150	  150	  150	  150	  |
|	15	0.05	0.0	   150	  150	  150	  150	  |
|	10	0.0	0.0	   250	  250	  250	  250	  |
|	10	0.0	0.0	   150	  150	  150	  150	  |
|	15	0.05	0.0	   150	  150	  150	  150	  |
|	10	0.0	0.0	   250	  250	  250	  250	  |
|	10	0.0	0.0	   150	  150	  150	  150	  |
|	15	0.05	0.0	   150	  150	  150	  150	  |
|	10	0.0	0.0	   250	  250	  250	  250	  |
|	10	0.0	0.0	   150	  150	  150	  150	  |
|	15	0.05	0.0	   150	  150	  150	  150	  |
|	10	0.0	0.0	   250	  250	  250	  250	  |
|	10	0.0	0.0	   150	  150	  150	  150	  |
|	15	0.05	0.0	   150	  150	  150	  150	  |
|	10	0.0	0.0	   250	  250	  250	  250	  |
|	10	0.0	0.0	   150	  150	  150	  150	  |
|	10	0.0	0.0	   25	  25	  25	  25	  |
-------------------------------------------------------------------