M.I; Tads     = Tdes = Tamb,50, 100, 150, 200, 250 ºC
     NO2      = 50 PPB
     tADS     = 10 mins
     tDes     = 10 mins
     NºCycles = 12
     M	      = 25 s/V
     Cmax     = 1190 ppb
     HR (%)   = 0 %



-------------------------------------------------------------------
| 	                       Medida		          	  |
-------------------------------------------------------------------
|      t(min)   NO2(ppm) CO(ppm) T1(ºC)	T2(ºC)	T3(ºC)	T4(ºC)    |
-------------------------------------------------------------------	
|	10	0.0	0.0	   25	  25	  25	  25	  |
|	10	0.05	0.0	   25	  25	  25	  25	  |
|	10	0.0	0.0	   25	  25	  25	  25	  |
|	10	0.05	0.0	   25	  25	  25	  25	  |
|	10	0.0	0.0	   25	  25	  25	  25	  |
|	10	0.0	0.0	   50	  50	  50	  50	  |
|	10	0.05	0.0	   50	  50	  50	  50	  |
|	10	0.0	0.0	   50	  50	  50	  50	  |
|	10	0.05	0.0	   50	  50	  50	  50	  |
|	10	0.0	0.0	   50	  50	  50	  50	  |
|	10	0.0	0.0	   100	  100	  100	  100	  |
|	10	0.05	0.0	   100	  100	  100	  100	  |
|	10	0.0	0.0	   100	  100	  100	  100	  |
|	10	0.05	0.0	   100	  100	  100	  100	  |
|	10	0.0	0.0	   100	  100	  100	  100	  |
|	10	0.0	0.0	   150	  150	  150	  150	  |
|	10	0.05	0.0	   150	  150	  150	  150	  |
|	10	0.0	0.0	   150	  150	  150	  150	  |
|	10	0.05	0.0	   150	  150	  150	  150	  |
|	10	0.0	0.0	   150	  150	  150	  150	  |
|	10	0.0	0.0	   100	  100	  100	  100	  |
|	10	0.05	0.0	   100	  100	  100	  100	  |
|	10	0.0	0.0	   100	  100	  100	  100	  |
|	10	0.05	0.0	   100	  100	  100	  100	  |
|	10	0.0	0.0	   100	  100	  100	  100	  |
|	10	0.0	0.0	   250	  250	  250	  250	  |
|	10	0.05	0.0	   250	  250	  250	  250	  |
|	10	0.0	0.0	   250	  250	  250	  250	  |
|	10	0.05	0.0	   250	  250	  250	  250	  |
|	10	0.0	0.0	   250	  250	  250	  250	  |
-------------------------------------------------------------------